WCE TY IT 22-23 Sem I CA
TY IT
Assignment details
Relative Grading using AWK scripting
Dinesh Kulkarni
•
Nov 1 (Edited Nov 4)
100 points
Due Nov 7, 11:59 PM
The statement will be available in 1/2 day, the deadline will be Monday, Nov 7, 2022.
Study AWK scripting during lab sessions.
DRAFT 

// Write an AWK script to compute the Relative Grading of 100 students ( Given for 5 courses, with the ISE(20), MSE(30), and ESE(50) components) based on "Standard deviation". Compare the results by applying the method individually on each component (ISE,MSE,ESE) and combining. The sample data file may be available shortly.
Your work
Turned in

awk.txt
Text

grades.txt
Text

Screenshot 2022-11-07 223719.png
Image
Private comments
Class comments
1,Vedant,12,25,45,15,20,40,11,21,41,8,18,38,18,27,48
2,Rudresh,12,24,47,6,12,39,4,11,29,9,19,15,5,16,40
3,Shridhar,8,12,22,5,10,46,12,17,32,19,16,46,16,30,50
4,Prathamesh,9,12,32,16,13,36,9,26,36,15,16,24,15,29,33,
5,Mukta,16,29,38,19,26,47,13,26,48,10,20,40,16,25,39
6,Sumedh,19,29,49,16,29,49,13,28,46,5,28,41,6,29,38
7,Om,11,15,36,2,9,45,11,22,33,16,25,38,5,24,35 
8,Shinivas,18,25,36,20,25,38,19,26,18,11,22,42,6,13,39,8,12,39 
9,Abhishek,13,26,29,2,26,36,18,26,39,9,26,48,16,26,38
10,Shrirang,16,26,36,19,29,49,18,29,49,11,26,42,16,24,15
11,Vedant,12,25,45,15,20,40,11,21,41,8,18,38,18,27,48
12,Rudresh,12,24,47,6,12,39,4,11,29,9,19,15,5,16,40
13,Shridhar,8,12,22,5,10,46,12,17,32,19,16,46,16,30,50
14,Prathamesh,9,12,32,16,13,36,9,26,36,15,16,24,15,29,33,
15,Mukta,16,29,38,19,26,47,13,26,48,10,20,40,16,25,39
16,Sumedh,19,29,49,16,29,49,13,28,46,5,28,41,6,29,38
17,Om,11,15,36,2,9,45,11,22,33,16,25,38,5,24,35 
18,Shinivas,18,25,36,20,25,38,19,26,18,11,22,42,6,13,39,8,12,39 
19,Abhishek,13,26,29,2,26,36,18,26,39,9,26,48,16,26,38
20,Shrirang,16,26,36,19,29,49,18,29,49,11,26,42,16,24,15
21,Vedant,12,25,45,15,20,40,11,21,41,8,18,38,18,27,48
22,Rudresh,12,24,47,6,12,39,4,11,29,9,19,15,5,16,40
23,Shridhar,8,12,22,5,10,46,12,17,32,19,16,46,16,30,50
24,Prathamesh,9,12,32,16,13,36,9,26,36,15,16,24,15,29,33,
25,Mukta,16,29,38,19,26,47,13,26,48,10,20,40,16,25,39
26,Sumedh,19,29,49,16,29,49,13,28,46,5,28,41,6,29,38
27,Om,11,15,36,2,9,45,11,22,33,16,25,38,5,24,35 
28,Shinivas,18,25,36,20,25,38,19,26,18,11,22,42,6,13,39,8,12,39 
29,Abhishek,13,26,29,2,26,36,18,26,39,9,26,48,16,26,38
30,Shrirang,16,26,36,19,29,49,18,29,49,11,26,42,16,24,15
31,Vedant,12,25,45,15,20,40,11,21,41,8,18,38,18,27,48
32,Rudresh,12,24,47,6,12,39,4,11,29,9,19,15,5,16,40
33,Shridhar,8,12,22,5,10,46,12,17,32,19,16,46,16,30,50
34,Prathamesh,9,12,32,16,13,36,9,26,36,15,16,24,15,29,33,
35,Mukta,16,29,38,19,26,47,13,26,48,10,20,40,16,25,39
36,Sumedh,19,29,49,16,29,49,13,28,46,5,28,41,6,29,38
37,Om,11,15,36,2,9,45,11,22,33,16,25,38,5,24,35 
38,Shinivas,18,25,36,20,25,38,19,26,18,11,22,42,6,13,39,8,12,39 
39,Abhishek,13,26,29,2,26,36,18,26,39,9,26,48,16,26,38
40,Shrirang,16,26,36,19,29,49,18,29,49,11,26,42,16,24,15
41,Vedant,12,25,45,15,20,40,11,21,41,8,18,38,18,27,48
42,Rudresh,12,24,47,6,12,39,4,11,29,9,19,15,5,16,40
43,Shridhar,8,12,22,5,10,46,12,17,32,19,16,46,16,30,50
44,Prathamesh,9,12,32,16,13,36,9,26,36,15,16,24,15,29,33,
45,Mukta,16,29,38,19,26,47,13,26,48,10,20,40,16,25,39
46,Sumedh,19,29,49,16,29,49,13,28,46,5,28,41,6,29,38
47,Om,11,15,36,2,9,45,11,22,33,16,25,38,5,24,35 
48,Shinivas,18,25,36,20,25,38,19,26,18,11,22,42,6,13,39,8,12,39 
49,Abhishek,13,26,29,2,26,36,18,26,39,9,26,48,16,26,38
50,Shrirang,16,26,36,19,29,49,18,29,49,11,26,42,16,24,15
51,Vedant,12,25,45,15,20,40,11,21,41,8,18,38,18,27,48
52,Rudresh,12,24,47,6,12,39,4,11,29,9,19,15,5,16,40
53,Shridhar,8,12,22,5,10,46,12,17,32,19,16,46,16,30,50
54,Prathamesh,9,12,32,16,13,36,9,26,36,15,16,24,15,29,33,
55,Mukta,16,29,38,19,26,47,13,26,48,10,20,40,16,25,39
56,Sumedh,19,29,49,16,29,49,13,28,46,5,28,41,6,29,38
57,Om,11,15,36,2,9,45,11,22,33,16,25,38,5,24,35 
58,Shinivas,18,25,36,20,25,38,19,26,18,11,22,42,6,13,39,8,12,39 
59,Abhishek,13,26,29,2,26,36,18,26,39,9,26,48,16,26,38
60,Shrirang,16,26,36,19,29,49,18,29,49,11,26,42,16,24,15
61,Vedant,12,25,45,15,20,40,11,21,41,8,18,38,18,27,48
62,Rudresh,12,24,47,6,12,39,4,11,29,9,19,15,5,16,40
63,Shridhar,8,12,22,5,10,46,12,17,32,19,16,46,16,30,50
64,Prathamesh,9,12,32,16,13,36,9,26,36,15,16,24,15,29,33,
65,Mukta,16,29,38,19,26,47,13,26,48,10,20,40,16,25,39
66,Sumedh,19,29,49,16,29,49,13,28,46,5,28,41,6,29,38
67,Om,11,15,36,2,9,45,11,22,33,16,25,38,5,24,35 
68,Shinivas,18,25,36,20,25,38,19,26,18,11,22,42,6,13,39,8,12,39 
69,Abhishek,13,26,29,2,26,36,18,26,39,9,26,48,16,26,38
70,Shrirang,16,26,36,19,29,49,18,29,49,11,26,42,16,24,15
71,Vedant,12,25,45,15,20,40,11,21,41,8,18,38,18,27,48
72,Rudresh,12,24,47,6,12,39,4,11,29,9,19,15,5,16,40
73,Shridhar,8,12,22,5,10,46,12,17,32,19,16,46,16,30,50
74,Prathamesh,9,12,32,16,13,36,9,26,36,15,16,24,15,29,33,
75,Mukta,16,29,38,19,26,47,13,26,48,10,20,40,16,25,39
76,Sumedh,19,29,49,16,29,49,13,28,46,5,28,41,6,29,38
77,Om,11,15,36,2,9,45,11,22,33,16,25,38,5,24,35 
78,Shinivas,18,25,36,20,25,38,19,26,18,11,22,42,6,13,39,8,12,39 
79,Abhishek,13,26,29,2,26,36,18,26,39,9,26,48,16,26,38
80,Shrirang,16,26,36,19,29,49,18,29,49,11,26,42,16,24,15
81,Vedant,12,25,45,15,20,40,11,21,41,8,18,38,18,27,48
82,Rudresh,12,24,47,6,12,39,4,11,29,9,19,15,5,16,40
83,Shridhar,8,12,22,5,10,46,12,17,32,19,16,46,16,30,50
84,Prathamesh,9,12,32,16,13,36,9,26,36,15,16,24,15,29,33,
85,Mukta,16,29,38,19,26,47,13,26,48,10,20,40,16,25,39
86,Sumedh,19,29,49,16,29,49,13,28,46,5,28,41,6,29,38
87,Om,11,15,36,2,9,45,11,22,33,16,25,38,5,24,35 
88,Shinivas,18,25,36,20,25,38,19,26,18,11,22,42,6,13,39,8,12,39 
89,Abhishek,13,26,29,2,26,36,18,26,39,9,26,48,16,26,38
90,Shrirang,16,26,36,19,29,49,18,29,49,11,26,42,16,24,15
91,Vedant,12,25,45,15,20,40,11,21,41,8,18,38,18,27,48
92,Rudresh,12,24,47,6,12,39,4,11,29,9,19,15,5,16,40
93,Shridhar,8,12,22,5,10,46,12,17,32,19,16,46,16,30,50
94,Prathamesh,9,12,32,16,13,36,9,26,36,15,16,24,15,29,33,
95,Mukta,16,29,38,19,26,47,13,26,48,10,20,40,16,25,39
96,Sumedh,19,29,49,16,29,49,13,28,46,5,28,41,6,29,38
97,Om,11,15,36,2,9,45,11,22,33,16,25,38,5,24,35 
98,Shinivas,18,25,36,20,25,38,19,26,18,11,22,42,6,13,39,8,12,39 
99,Abhishek,13,26,29,2,26,36,18,26,39,9,26,48,16,26,38
100,Shrirang,16,26,36,19,29,49,18,29,49,11,26,42,16,24,15
grades.txt
Displaying grades.txt.